UNITS MIL,1000;
EDIT proj;
ADD P2 :W0.000000  -0.905,-12.465 69.961,-12.465 69.961,33.015 -0.905,33.015;
ADD P2 :W0.000000  107.749,33.015 69.961,33.015 69.961,-12.465 107.749,-12.465;
ADD P2 :W0.000000  69.961,101.802 69.961,33.015 107.749,33.015 107.749,101.802;
ADD P2 :W0.000000  231.347,101.802 231.347,101.801 269.135,101.801 269.135,101.802 268.756,110.482 267.622,119.095 265.742,127.577 263.129,135.863 259.804,143.889 255.793,151.595 251.125,158.923 245.836,165.815 239.967,172.221 233.561,178.090 226.669,183.379 219.342,188.047 211.635,192.058 203.609,195.383 195.323,197.996 186.841,199.876 178.228,201.010 169.548,201.389 160.868,201.010 152.255,199.876 143.773,197.996 135.487,195.383 127.461,192.058 119.754,188.047 112.427,183.379 105.535,178.090 99.129,172.221 93.260,165.815 87.971,158.923 83.303,151.596 79.292,143.889 75.967,135.863 73.354,127.577 71.474,119.095 70.340,110.482 69.961,101.802 69.961,101.801 107.749,101.801 107.749,101.802 107.984,107.188 108.688,112.533 109.855,117.797 111.476,122.939 113.539,127.919 116.028,132.701 118.925,137.248 122.207,141.526 125.850,145.500 129.824,149.143 134.102,152.425 138.648,155.322 143.431,157.811 148.411,159.874 153.553,161.495 158.817,162.662 164.162,163.366 169.548,163.601 174.934,163.366 180.279,162.662 185.543,161.495 190.685,159.874 195.665,157.811 200.447,155.322 204.994,152.425 209.272,149.143 213.246,145.500 216.889,141.526 220.171,137.248 223.068,132.702 225.557,127.919 227.620,122.939 229.241,117.797 230.408,112.533 231.112,107.188;
ADD P2 :W0.000000  231.347,56.322 269.135,56.322 269.135,101.802 231.347,101.802;
ADD P2 :W0.000000  231.347,56.322 231.347,30.266 269.135,30.266 269.135,56.322;
ADD P2 :W0.000000  269.135,101.802 269.135,56.322 319.179,106.366 273.699,106.366 273.699,101.802;
ADD P2 :W0.000000  273.699,211.248 273.699,106.366 319.179,106.366 319.179,211.248;
ADD P2 :W0.000000  323.743,215.812 323.743,261.292 273.699,211.248 319.179,211.248 319.179,215.812;
ADD P2 :W0.000000  69.961,-12.465 69.961,-81.252 107.749,-81.252 107.749,-12.465;
ADD P2 :W0.000000  107.749,-81.252 107.749,-81.251 69.961,-81.251 69.961,-81.252 70.340,-89.932 71.474,-98.545 73.354,-107.027 75.967,-115.313 79.292,-123.339 83.303,-131.045 87.971,-138.373 93.260,-145.265 99.129,-151.671 105.535,-157.540 112.427,-162.829 119.754,-167.497 127.461,-171.508 135.487,-174.833 143.773,-177.446 152.255,-179.326 160.868,-180.460 169.548,-180.839 178.228,-180.460 186.841,-179.326 195.323,-177.446 203.609,-174.833 211.635,-171.508 219.342,-167.497 226.669,-162.829 233.561,-157.540 239.967,-151.671 245.836,-145.265 251.125,-138.373 255.793,-131.046 259.804,-123.339 263.129,-115.313 265.742,-107.027 267.622,-98.545 268.756,-89.932 269.135,-81.252 269.135,-81.251 231.347,-81.251 231.347,-81.252 231.112,-86.638 230.408,-91.983 229.241,-97.247 227.620,-102.389 225.557,-107.369 223.068,-112.151 220.171,-116.698 216.889,-120.976 213.246,-124.950 209.272,-128.593 204.994,-131.875 200.448,-134.772 195.665,-137.261 190.685,-139.324 185.543,-140.945 180.279,-142.112 174.934,-142.816 169.548,-143.051 164.162,-142.816 158.817,-142.112 153.553,-140.945 148.411,-139.324 143.431,-137.261 138.649,-134.772 134.102,-131.875 129.824,-128.593 125.850,-124.950 122.207,-120.976 118.925,-116.698 116.028,-112.152 113.539,-107.369 111.476,-102.389 109.855,-97.247 108.688,-91.983 107.984,-86.638;
ADD P2 :W0.000000  231.347,-81.252 269.135,-81.252 269.135,-35.772 231.347,-35.772;
ADD P2 :W0.000000  231.347,-9.716 231.347,-35.772 269.135,-35.772 269.135,-9.716;
ADD P2 :W0.000000  273.699,-85.816 319.179,-85.816 269.135,-35.772 269.135,-81.252 273.699,-81.252;
ADD P2 :W0.000000  273.699,-85.816 273.699,-190.698 319.179,-190.698 319.179,-85.816;
ADD P2 :W0.000000  319.179,-190.698 273.699,-190.698 323.743,-240.742 323.743,-195.262 319.179,-195.262;
ADD P2 :W0.000000  327.577,-250.679 385.263,-250.679 323.743,-189.159 323.743,-246.844 327.577,-246.844;
ADD P2 :W0.000000  385.263,-859.183 327.577,-859.183 389.097,-920.703 389.097,-863.018 385.263,-863.018;
ADD P2 :W0.000000  996.422,-1363.979 1067.288,-1363.979 1067.288,-1318.499 996.422,-1318.499;
ADD P2 :W0.000000  1105.076,-1318.499 1067.288,-1318.499 1067.288,-1363.979 1105.076,-1363.979;
ADD P2 :W0.000000  1067.288,-1249.712 1067.288,-1318.499 1105.076,-1318.499 1105.076,-1249.712;
ADD P2 :W0.000000  1228.674,-1249.712 1228.674,-1249.713 1266.462,-1249.713 1266.462,-1249.712 1266.083,-1241.032 1264.949,-1232.419 1263.069,-1223.937 1260.456,-1215.651 1257.131,-1207.625 1253.120,-1199.919 1248.452,-1192.591 1243.163,-1185.699 1237.294,-1179.293 1230.888,-1173.424 1223.996,-1168.135 1216.669,-1163.467 1208.962,-1159.456 1200.936,-1156.131 1192.650,-1153.518 1184.168,-1151.638 1175.555,-1150.504 1166.875,-1150.125 1158.195,-1150.504 1149.582,-1151.638 1141.100,-1153.518 1132.814,-1156.131 1124.788,-1159.456 1117.081,-1163.467 1109.754,-1168.135 1102.862,-1173.424 1096.456,-1179.293 1090.587,-1185.699 1085.298,-1192.591 1080.630,-1199.918 1076.619,-1207.625 1073.294,-1215.651 1070.681,-1223.937 1068.801,-1232.419 1067.667,-1241.032 1067.288,-1249.712 1067.288,-1249.713 1105.076,-1249.713 1105.076,-1249.712 1105.311,-1244.326 1106.015,-1238.981 1107.182,-1233.717 1108.803,-1228.575 1110.866,-1223.595 1113.355,-1218.813 1116.252,-1214.266 1119.534,-1209.988 1123.177,-1206.014 1127.151,-1202.371 1131.429,-1199.089 1135.975,-1196.192 1140.758,-1193.703 1145.738,-1191.640 1150.880,-1190.019 1156.144,-1188.852 1161.489,-1188.148 1166.875,-1187.913 1172.261,-1188.148 1177.606,-1188.852 1182.870,-1190.019 1188.012,-1191.640 1192.992,-1193.703 1197.774,-1196.192 1202.321,-1199.089 1206.599,-1202.371 1210.573,-1206.014 1214.216,-1209.988 1217.498,-1214.266 1220.395,-1218.812 1222.884,-1223.595 1224.947,-1228.575 1226.568,-1233.717 1227.735,-1238.981 1228.439,-1244.326;
ADD P2 :W0.000000  1228.674,-1295.192 1266.462,-1295.192 1266.462,-1249.712 1228.674,-1249.712;
ADD P2 :W0.000000  1228.674,-1295.192 1228.674,-1321.248 1266.462,-1321.248 1266.462,-1295.192;
ADD P2 :W0.000000  1266.462,-1249.712 1266.462,-1295.192 1316.506,-1245.148 1271.026,-1245.148 1271.026,-1249.712;
ADD P2 :W0.000000  1271.026,-1140.266 1271.026,-1245.148 1316.506,-1245.148 1316.506,-1140.266;
ADD P2 :W0.000000  1321.070,-1135.702 1321.070,-1090.222 1271.026,-1140.266 1316.506,-1140.266 1316.506,-1135.702;
ADD P2 :W0.000000  1067.288,-1363.979 1067.288,-1432.766 1105.076,-1432.766 1105.076,-1363.979;
ADD P2 :W0.000000  1105.076,-1432.766 1105.076,-1432.765 1067.288,-1432.765 1067.288,-1432.766 1067.667,-1441.446 1068.801,-1450.059 1070.681,-1458.541 1073.294,-1466.827 1076.619,-1474.853 1080.630,-1482.559 1085.298,-1489.887 1090.587,-1496.779 1096.456,-1503.185 1102.862,-1509.054 1109.754,-1514.343 1117.081,-1519.011 1124.788,-1523.022 1132.814,-1526.347 1141.100,-1528.960 1149.582,-1530.840 1158.195,-1531.974 1166.875,-1532.353 1175.555,-1531.974 1184.168,-1530.840 1192.650,-1528.960 1200.936,-1526.347 1208.962,-1523.022 1216.669,-1519.011 1223.996,-1514.343 1230.888,-1509.054 1237.294,-1503.185 1243.163,-1496.779 1248.452,-1489.887 1253.120,-1482.560 1257.131,-1474.853 1260.456,-1466.827 1263.069,-1458.541 1264.949,-1450.059 1266.083,-1441.446 1266.462,-1432.766 1266.462,-1432.765 1228.674,-1432.765 1228.674,-1432.766 1228.439,-1438.152 1227.735,-1443.497 1226.568,-1448.761 1224.947,-1453.903 1222.884,-1458.883 1220.395,-1463.665 1217.498,-1468.212 1214.216,-1472.490 1210.573,-1476.464 1206.599,-1480.107 1202.321,-1483.389 1197.775,-1486.286 1192.992,-1488.775 1188.012,-1490.838 1182.870,-1492.459 1177.606,-1493.626 1172.261,-1494.330 1166.875,-1494.565 1161.489,-1494.330 1156.144,-1493.626 1150.880,-1492.459 1145.738,-1490.838 1140.758,-1488.775 1135.976,-1486.286 1131.429,-1483.389 1127.151,-1480.107 1123.177,-1476.464 1119.534,-1472.490 1116.252,-1468.212 1113.355,-1463.666 1110.866,-1458.883 1108.803,-1453.903 1107.182,-1448.761 1106.015,-1443.497 1105.311,-1438.152;
ADD P2 :W0.000000  1228.674,-1432.766 1266.462,-1432.766 1266.462,-1387.286 1228.674,-1387.286;
ADD P2 :W0.000000  1228.674,-1361.230 1228.674,-1387.286 1266.462,-1387.286 1266.462,-1361.230;
ADD P2 :W0.000000  1271.026,-1437.330 1316.506,-1437.330 1266.462,-1387.286 1266.462,-1432.766 1271.026,-1432.766;
ADD P2 :W0.000000  1271.026,-1437.330 1271.026,-1542.212 1316.506,-1542.212 1316.506,-1437.330;
ADD P2 :W0.000000  1316.506,-1542.212 1271.026,-1542.212 1321.070,-1592.256 1321.070,-1546.776 1316.506,-1546.776;
ADD P2 :W0.000000  934.902,-1152.814 992.588,-1152.814 931.068,-1091.294 931.068,-1148.979 934.902,-1148.979;
ADD P2 :W0.000000  992.588,-1308.562 934.902,-1308.562 996.422,-1370.082 996.422,-1312.397 992.588,-1312.397;
ADD P2 :W0.000000  996.422,1339.049 1067.288,1339.049 1067.288,1384.529 996.422,1384.529;
ADD P2 :W0.000000  1105.076,1384.529 1067.288,1384.529 1067.288,1339.049 1105.076,1339.049;
ADD P2 :W0.000000  1067.288,1453.316 1067.288,1384.529 1105.076,1384.529 1105.076,1453.316;
ADD P2 :W0.000000  1228.674,1453.316 1228.674,1453.315 1266.462,1453.315 1266.462,1453.316 1266.083,1461.996 1264.949,1470.609 1263.069,1479.091 1260.456,1487.377 1257.131,1495.403 1253.120,1503.109 1248.452,1510.437 1243.163,1517.329 1237.294,1523.735 1230.888,1529.604 1223.996,1534.893 1216.669,1539.561 1208.962,1543.572 1200.936,1546.897 1192.650,1549.510 1184.168,1551.390 1175.555,1552.524 1166.875,1552.903 1158.195,1552.524 1149.582,1551.390 1141.100,1549.510 1132.814,1546.897 1124.788,1543.572 1117.081,1539.561 1109.754,1534.893 1102.862,1529.604 1096.456,1523.735 1090.587,1517.329 1085.298,1510.437 1080.630,1503.110 1076.619,1495.403 1073.294,1487.377 1070.681,1479.091 1068.801,1470.609 1067.667,1461.996 1067.288,1453.316 1067.288,1453.315 1105.076,1453.315 1105.076,1453.316 1105.311,1458.702 1106.015,1464.047 1107.182,1469.311 1108.803,1474.453 1110.866,1479.433 1113.355,1484.215 1116.252,1488.762 1119.534,1493.040 1123.177,1497.014 1127.151,1500.657 1131.429,1503.939 1135.975,1506.836 1140.758,1509.325 1145.738,1511.388 1150.880,1513.009 1156.144,1514.176 1161.489,1514.880 1166.875,1515.115 1172.261,1514.880 1177.606,1514.176 1182.870,1513.009 1188.012,1511.388 1192.992,1509.325 1197.774,1506.836 1202.321,1503.939 1206.599,1500.657 1210.573,1497.014 1214.216,1493.040 1217.498,1488.762 1220.395,1484.216 1222.884,1479.433 1224.947,1474.453 1226.568,1469.311 1227.735,1464.047 1228.439,1458.702;
ADD P2 :W0.000000  1228.674,1407.836 1266.462,1407.836 1266.462,1453.316 1228.674,1453.316;
ADD P2 :W0.000000  1228.674,1407.836 1228.674,1381.780 1266.462,1381.780 1266.462,1407.836;
ADD P2 :W0.000000  1266.462,1453.316 1266.462,1407.836 1316.506,1457.880 1271.026,1457.880 1271.026,1453.316;
ADD P2 :W0.000000  1271.026,1562.762 1271.026,1457.880 1316.506,1457.880 1316.506,1562.762;
ADD P2 :W0.000000  1321.070,1567.326 1321.070,1612.806 1271.026,1562.762 1316.506,1562.762 1316.506,1567.326;
ADD P2 :W0.000000  1067.288,1339.049 1067.288,1270.262 1105.076,1270.262 1105.076,1339.049;
ADD P2 :W0.000000  1105.076,1270.262 1105.076,1270.263 1067.288,1270.263 1067.288,1270.262 1067.667,1261.582 1068.801,1252.969 1070.681,1244.487 1073.294,1236.201 1076.619,1228.175 1080.630,1220.469 1085.298,1213.141 1090.587,1206.249 1096.456,1199.843 1102.862,1193.974 1109.754,1188.685 1117.081,1184.017 1124.788,1180.006 1132.814,1176.681 1141.100,1174.068 1149.582,1172.188 1158.195,1171.054 1166.875,1170.675 1175.555,1171.054 1184.168,1172.188 1192.650,1174.068 1200.936,1176.681 1208.962,1180.006 1216.669,1184.017 1223.996,1188.685 1230.888,1193.974 1237.294,1199.843 1243.163,1206.249 1248.452,1213.141 1253.120,1220.468 1257.131,1228.175 1260.456,1236.201 1263.069,1244.487 1264.949,1252.969 1266.083,1261.582 1266.462,1270.262 1266.462,1270.263 1228.674,1270.263 1228.674,1270.262 1228.439,1264.876 1227.735,1259.531 1226.568,1254.267 1224.947,1249.125 1222.884,1244.145 1220.395,1239.363 1217.498,1234.816 1214.216,1230.538 1210.573,1226.564 1206.599,1222.921 1202.321,1219.639 1197.775,1216.742 1192.992,1214.253 1188.012,1212.190 1182.870,1210.569 1177.606,1209.402 1172.261,1208.698 1166.875,1208.463 1161.489,1208.698 1156.144,1209.402 1150.880,1210.569 1145.738,1212.190 1140.758,1214.253 1135.976,1216.742 1131.429,1219.639 1127.151,1222.921 1123.177,1226.564 1119.534,1230.538 1116.252,1234.816 1113.355,1239.362 1110.866,1244.145 1108.803,1249.125 1107.182,1254.267 1106.015,1259.531 1105.311,1264.876;
ADD P2 :W0.000000  1228.674,1270.262 1266.462,1270.262 1266.462,1315.742 1228.674,1315.742;
ADD P2 :W0.000000  1228.674,1341.798 1228.674,1315.742 1266.462,1315.742 1266.462,1341.798;
ADD P2 :W0.000000  1271.026,1265.698 1316.506,1265.698 1266.462,1315.742 1266.462,1270.262 1271.026,1270.262;
ADD P2 :W0.000000  1271.026,1265.698 1271.026,1160.816 1316.506,1160.816 1316.506,1265.698;
ADD P2 :W0.000000  1316.506,1160.816 1271.026,1160.816 1321.070,1110.772 1321.070,1156.252 1316.506,1156.252;
ADD P2 :W0.000000  931.068,-634.740 931.068,-692.426 992.588,-630.906 934.903,-630.906 934.903,-634.740;
ADD P2 :W0.000000  996.422,-471.324 996.422,-413.638 934.902,-475.158 992.587,-475.158 992.587,-471.324;
ADD P2 :W0.000000  996.422,-465.221 1067.288,-465.221 1067.288,-419.741 996.422,-419.741;
ADD P2 :W0.000000  1105.076,-419.741 1067.288,-419.741 1067.288,-465.221 1105.076,-465.221;
ADD P2 :W0.000000  1067.288,-350.954 1067.288,-419.741 1105.076,-419.741 1105.076,-350.954;
ADD P2 :W0.000000  1228.674,-350.954 1228.674,-350.955 1266.462,-350.955 1266.462,-350.954 1266.083,-342.274 1264.949,-333.661 1263.069,-325.179 1260.456,-316.893 1257.131,-308.867 1253.120,-301.161 1248.452,-293.833 1243.163,-286.941 1237.294,-280.535 1230.888,-274.666 1223.996,-269.377 1216.669,-264.709 1208.962,-260.698 1200.936,-257.373 1192.650,-254.760 1184.168,-252.880 1175.555,-251.746 1166.875,-251.367 1158.195,-251.746 1149.582,-252.880 1141.100,-254.760 1132.814,-257.373 1124.788,-260.698 1117.081,-264.709 1109.754,-269.377 1102.862,-274.666 1096.456,-280.535 1090.587,-286.941 1085.298,-293.833 1080.630,-301.160 1076.619,-308.867 1073.294,-316.893 1070.681,-325.179 1068.801,-333.661 1067.667,-342.274 1067.288,-350.954 1067.288,-350.955 1105.076,-350.955 1105.076,-350.954 1105.311,-345.568 1106.015,-340.223 1107.182,-334.959 1108.803,-329.817 1110.866,-324.837 1113.355,-320.055 1116.252,-315.508 1119.534,-311.230 1123.177,-307.256 1127.151,-303.613 1131.429,-300.331 1135.975,-297.434 1140.758,-294.945 1145.738,-292.882 1150.880,-291.261 1156.144,-290.094 1161.489,-289.390 1166.875,-289.155 1172.261,-289.390 1177.606,-290.094 1182.870,-291.261 1188.012,-292.882 1192.992,-294.945 1197.774,-297.434 1202.321,-300.331 1206.599,-303.613 1210.573,-307.256 1214.216,-311.230 1217.498,-315.508 1220.395,-320.054 1222.884,-324.837 1224.947,-329.817 1226.568,-334.959 1227.735,-340.223 1228.439,-345.568;
ADD P2 :W0.000000  1228.674,-396.434 1266.462,-396.434 1266.462,-350.954 1228.674,-350.954;
ADD P2 :W0.000000  1228.674,-396.434 1228.674,-422.490 1266.462,-422.490 1266.462,-396.434;
ADD P2 :W0.000000  1266.462,-350.954 1266.462,-396.434 1316.506,-346.390 1271.026,-346.390 1271.026,-350.954;
ADD P2 :W0.000000  1271.026,-241.508 1271.026,-346.390 1316.506,-346.390 1316.506,-241.508;
ADD P2 :W0.000000  1321.070,-236.944 1321.070,-191.464 1271.026,-241.508 1316.506,-241.508 1316.506,-236.944;
ADD P2 :W0.000000  1067.288,-465.221 1067.288,-534.008 1105.076,-534.008 1105.076,-465.221;
ADD P2 :W0.000000  1105.076,-534.008 1105.076,-534.007 1067.288,-534.007 1067.288,-534.008 1067.667,-542.688 1068.801,-551.301 1070.681,-559.783 1073.294,-568.069 1076.619,-576.095 1080.630,-583.801 1085.298,-591.129 1090.587,-598.021 1096.456,-604.427 1102.862,-610.296 1109.754,-615.585 1117.081,-620.253 1124.788,-624.264 1132.814,-627.589 1141.100,-630.202 1149.582,-632.082 1158.195,-633.216 1166.875,-633.595 1175.555,-633.216 1184.168,-632.082 1192.650,-630.202 1200.936,-627.589 1208.962,-624.264 1216.669,-620.253 1223.996,-615.585 1230.888,-610.296 1237.294,-604.427 1243.163,-598.021 1248.452,-591.129 1253.120,-583.802 1257.131,-576.095 1260.456,-568.069 1263.069,-559.783 1264.949,-551.301 1266.083,-542.688 1266.462,-534.008 1266.462,-534.007 1228.674,-534.007 1228.674,-534.008 1228.439,-539.394 1227.735,-544.739 1226.568,-550.003 1224.947,-555.145 1222.884,-560.125 1220.395,-564.907 1217.498,-569.454 1214.216,-573.732 1210.573,-577.706 1206.599,-581.349 1202.321,-584.631 1197.775,-587.528 1192.992,-590.017 1188.012,-592.080 1182.870,-593.701 1177.606,-594.868 1172.261,-595.572 1166.875,-595.807 1161.489,-595.572 1156.144,-594.868 1150.880,-593.701 1145.738,-592.080 1140.758,-590.017 1135.976,-587.528 1131.429,-584.631 1127.151,-581.349 1123.177,-577.706 1119.534,-573.732 1116.252,-569.454 1113.355,-564.908 1110.866,-560.125 1108.803,-555.145 1107.182,-550.003 1106.015,-544.739 1105.311,-539.394;
ADD P2 :W0.000000  1228.674,-534.008 1266.462,-534.008 1266.462,-488.528 1228.674,-488.528;
ADD P2 :W0.000000  1228.674,-462.472 1228.674,-488.528 1266.462,-488.528 1266.462,-462.472;
ADD P2 :W0.000000  1271.026,-538.572 1316.506,-538.572 1266.462,-488.528 1266.462,-534.008 1271.026,-534.008;
ADD P2 :W0.000000  1271.026,-538.572 1271.026,-643.454 1316.506,-643.454 1316.506,-538.572;
ADD P2 :W0.000000  1316.506,-643.454 1271.026,-643.454 1321.070,-693.498 1321.070,-648.018 1316.506,-648.018;
ADD P2 :W0.000000  323.743,267.395 323.743,209.709 385.263,271.229 327.578,271.229 327.578,267.395;
ADD P2 :W0.000000  389.097,883.567 389.097,941.253 327.577,879.733 385.262,879.733 385.262,883.567;
ADD P2 :W0.000000  389.097,-914.600 459.963,-914.600 459.963,-869.120 389.097,-869.120;
ADD P2 :W0.000000  497.751,-869.120 459.963,-869.120 459.963,-914.600 497.751,-914.600;
ADD P2 :W0.000000  459.963,-800.333 459.963,-869.120 497.751,-869.120 497.751,-800.333;
ADD P2 :W0.000000  621.349,-800.333 621.349,-800.334 659.137,-800.334 659.137,-800.333 658.758,-791.653 657.624,-783.040 655.744,-774.558 653.131,-766.272 649.806,-758.246 645.795,-750.540 641.127,-743.212 635.838,-736.320 629.969,-729.914 623.563,-724.045 616.671,-718.756 609.344,-714.088 601.637,-710.077 593.611,-706.752 585.325,-704.139 576.843,-702.259 568.230,-701.125 559.550,-700.746 550.870,-701.125 542.257,-702.259 533.775,-704.139 525.489,-706.752 517.463,-710.077 509.756,-714.088 502.429,-718.756 495.537,-724.045 489.131,-729.914 483.262,-736.320 477.973,-743.212 473.305,-750.539 469.294,-758.246 465.969,-766.272 463.356,-774.558 461.476,-783.040 460.342,-791.653 459.963,-800.333 459.963,-800.334 497.751,-800.334 497.751,-800.333 497.986,-794.947 498.690,-789.602 499.857,-784.338 501.478,-779.196 503.541,-774.216 506.030,-769.434 508.927,-764.887 512.209,-760.609 515.852,-756.635 519.826,-752.992 524.104,-749.710 528.650,-746.813 533.433,-744.324 538.413,-742.261 543.555,-740.640 548.819,-739.473 554.164,-738.769 559.550,-738.534 564.936,-738.769 570.281,-739.473 575.545,-740.640 580.687,-742.261 585.667,-744.324 590.449,-746.813 594.996,-749.710 599.274,-752.992 603.248,-756.635 606.891,-760.609 610.173,-764.887 613.070,-769.433 615.559,-774.216 617.622,-779.196 619.243,-784.338 620.410,-789.602 621.114,-794.947;
ADD P2 :W0.000000  621.349,-845.813 659.137,-845.813 659.137,-800.333 621.349,-800.333;
ADD P2 :W0.000000  621.349,-845.813 621.349,-871.869 659.137,-871.869 659.137,-845.813;
ADD P2 :W0.000000  659.137,-800.333 659.137,-845.813 709.181,-795.769 663.701,-795.769 663.701,-800.333;
ADD P2 :W0.000000  663.701,-690.887 663.701,-795.769 709.181,-795.769 709.181,-690.887;
ADD P2 :W0.000000  713.745,-686.323 713.745,-640.843 663.701,-690.887 709.181,-690.887 709.181,-686.323;
ADD P2 :W0.000000  459.963,-914.600 459.963,-983.387 497.751,-983.387 497.751,-914.600;
ADD P2 :W0.000000  497.751,-983.387 497.751,-983.386 459.963,-983.386 459.963,-983.387 460.342,-992.067 461.476,-1000.680 463.356,-1009.162 465.969,-1017.448 469.294,-1025.474 473.305,-1033.180 477.973,-1040.508 483.262,-1047.400 489.131,-1053.806 495.537,-1059.675 502.429,-1064.964 509.756,-1069.632 517.463,-1073.643 525.489,-1076.968 533.775,-1079.581 542.257,-1081.461 550.870,-1082.595 559.550,-1082.974 568.230,-1082.595 576.843,-1081.461 585.325,-1079.581 593.611,-1076.968 601.637,-1073.643 609.344,-1069.632 616.671,-1064.964 623.563,-1059.675 629.969,-1053.806 635.838,-1047.400 641.127,-1040.508 645.795,-1033.181 649.806,-1025.474 653.131,-1017.448 655.744,-1009.162 657.624,-1000.680 658.758,-992.067 659.137,-983.387 659.137,-983.386 621.349,-983.386 621.349,-983.387 621.114,-988.773 620.410,-994.118 619.243,-999.382 617.622,-1004.524 615.559,-1009.504 613.070,-1014.286 610.173,-1018.833 606.891,-1023.111 603.248,-1027.085 599.274,-1030.728 594.996,-1034.010 590.450,-1036.907 585.667,-1039.396 580.687,-1041.459 575.545,-1043.080 570.281,-1044.247 564.936,-1044.951 559.550,-1045.186 554.164,-1044.951 548.819,-1044.247 543.555,-1043.080 538.413,-1041.459 533.433,-1039.396 528.651,-1036.907 524.104,-1034.010 519.826,-1030.728 515.852,-1027.085 512.209,-1023.111 508.927,-1018.833 506.030,-1014.287 503.541,-1009.504 501.478,-1004.524 499.857,-999.382 498.690,-994.118 497.986,-988.773;
ADD P2 :W0.000000  621.349,-983.387 659.137,-983.387 659.137,-937.907 621.349,-937.907;
ADD P2 :W0.000000  621.349,-911.851 621.349,-937.907 659.137,-937.907 659.137,-911.851;
ADD P2 :W0.000000  663.701,-987.951 709.181,-987.951 659.137,-937.907 659.137,-983.387 663.701,-983.387;
ADD P2 :W0.000000  663.701,-987.951 663.701,-1092.833 709.181,-1092.833 709.181,-987.951;
ADD P2 :W0.000000  709.181,-1092.833 663.701,-1092.833 713.745,-1142.877 713.745,-1097.397 709.181,-1097.397;
ADD P2 :W0.000000  934.902,651.456 992.588,651.456 931.068,712.976 931.068,655.291 934.902,655.291;
ADD P2 :W0.000000  992.588,495.708 934.902,495.708 996.422,434.188 996.422,491.873 992.588,491.873;
ADD P2 :W0.000000  996.422,440.291 1067.288,440.291 1067.288,485.771 996.422,485.771;
ADD P2 :W0.000000  1105.076,485.771 1067.288,485.771 1067.288,440.291 1105.076,440.291;
ADD P2 :W0.000000  1067.288,554.558 1067.288,485.771 1105.076,485.771 1105.076,554.558;
ADD P2 :W0.000000  1228.674,554.558 1228.674,554.557 1266.462,554.557 1266.462,554.558 1266.083,563.238 1264.949,571.851 1263.069,580.333 1260.456,588.619 1257.131,596.645 1253.120,604.351 1248.452,611.679 1243.163,618.571 1237.294,624.977 1230.888,630.846 1223.996,636.135 1216.669,640.803 1208.962,644.814 1200.936,648.139 1192.650,650.752 1184.168,652.632 1175.555,653.766 1166.875,654.145 1158.195,653.766 1149.582,652.632 1141.100,650.752 1132.814,648.139 1124.788,644.814 1117.081,640.803 1109.754,636.135 1102.862,630.846 1096.456,624.977 1090.587,618.571 1085.298,611.679 1080.630,604.352 1076.619,596.645 1073.294,588.619 1070.681,580.333 1068.801,571.851 1067.667,563.238 1067.288,554.558 1067.288,554.557 1105.076,554.557 1105.076,554.558 1105.311,559.944 1106.015,565.289 1107.182,570.553 1108.803,575.695 1110.866,580.675 1113.355,585.457 1116.252,590.004 1119.534,594.282 1123.177,598.256 1127.151,601.899 1131.429,605.181 1135.975,608.078 1140.758,610.567 1145.738,612.630 1150.880,614.251 1156.144,615.418 1161.489,616.122 1166.875,616.357 1172.261,616.122 1177.606,615.418 1182.870,614.251 1188.012,612.630 1192.992,610.567 1197.774,608.078 1202.321,605.181 1206.599,601.899 1210.573,598.256 1214.216,594.282 1217.498,590.004 1220.395,585.458 1222.884,580.675 1224.947,575.695 1226.568,570.553 1227.735,565.289 1228.439,559.944;
ADD P2 :W0.000000  1228.674,509.078 1266.462,509.078 1266.462,554.558 1228.674,554.558;
ADD P2 :W0.000000  1228.674,509.078 1228.674,483.022 1266.462,483.022 1266.462,509.078;
ADD P2 :W0.000000  1266.462,554.558 1266.462,509.078 1316.506,559.122 1271.026,559.122 1271.026,554.558;
ADD P2 :W0.000000  1271.026,664.004 1271.026,559.122 1316.506,559.122 1316.506,664.004;
ADD P2 :W0.000000  1321.070,668.568 1321.070,714.048 1271.026,664.004 1316.506,664.004 1316.506,668.568;
ADD P2 :W0.000000  1067.288,440.291 1067.288,371.504 1105.076,371.504 1105.076,440.291;
ADD P2 :W0.000000  1105.076,371.504 1105.076,371.505 1067.288,371.505 1067.288,371.504 1067.667,362.824 1068.801,354.211 1070.681,345.729 1073.294,337.443 1076.619,329.417 1080.630,321.711 1085.298,314.383 1090.587,307.491 1096.456,301.085 1102.862,295.216 1109.754,289.927 1117.081,285.259 1124.788,281.248 1132.814,277.923 1141.100,275.310 1149.582,273.430 1158.195,272.296 1166.875,271.917 1175.555,272.296 1184.168,273.430 1192.650,275.310 1200.936,277.923 1208.962,281.248 1216.669,285.259 1223.996,289.927 1230.888,295.216 1237.294,301.085 1243.163,307.491 1248.452,314.383 1253.120,321.710 1257.131,329.417 1260.456,337.443 1263.069,345.729 1264.949,354.211 1266.083,362.824 1266.462,371.504 1266.462,371.505 1228.674,371.505 1228.674,371.504 1228.439,366.118 1227.735,360.773 1226.568,355.509 1224.947,350.367 1222.884,345.387 1220.395,340.605 1217.498,336.058 1214.216,331.780 1210.573,327.806 1206.599,324.163 1202.321,320.881 1197.775,317.984 1192.992,315.495 1188.012,313.432 1182.870,311.811 1177.606,310.644 1172.261,309.940 1166.875,309.705 1161.489,309.940 1156.144,310.644 1150.880,311.811 1145.738,313.432 1140.758,315.495 1135.976,317.984 1131.429,320.881 1127.151,324.163 1123.177,327.806 1119.534,331.780 1116.252,336.058 1113.355,340.604 1110.866,345.387 1108.803,350.367 1107.182,355.509 1106.015,360.773 1105.311,366.118;
ADD P2 :W0.000000  1228.674,371.504 1266.462,371.504 1266.462,416.984 1228.674,416.984;
ADD P2 :W0.000000  1228.674,443.040 1228.674,416.984 1266.462,416.984 1266.462,443.040;
ADD P2 :W0.000000  1271.026,366.940 1316.506,366.940 1266.462,416.984 1266.462,371.504 1271.026,371.504;
ADD P2 :W0.000000  1271.026,366.940 1271.026,262.058 1316.506,262.058 1316.506,366.940;
ADD P2 :W0.000000  1316.506,262.058 1271.026,262.058 1321.070,212.014 1321.070,257.494 1316.506,257.494;
ADD P2 :W0.000000  931.068,1169.530 931.068,1111.844 992.588,1173.364 934.903,1173.364 934.903,1169.530;
ADD P2 :W0.000000  996.422,1332.946 996.422,1390.632 934.902,1329.112 992.587,1329.112 992.587,1332.946;
ADD P2 :W0.000000  389.097,889.670 459.963,889.670 459.963,935.150 389.097,935.150;
ADD P2 :W0.000000  497.751,935.150 459.963,935.150 459.963,889.670 497.751,889.670;
ADD P2 :W0.000000  459.963,1003.937 459.963,935.150 497.751,935.150 497.751,1003.937;
ADD P2 :W0.000000  621.349,1003.937 621.349,1003.936 659.137,1003.936 659.137,1003.937 658.758,1012.617 657.624,1021.230 655.744,1029.712 653.131,1037.998 649.806,1046.024 645.795,1053.730 641.127,1061.058 635.838,1067.950 629.969,1074.356 623.563,1080.225 616.671,1085.514 609.344,1090.182 601.637,1094.193 593.611,1097.518 585.325,1100.131 576.843,1102.011 568.230,1103.145 559.550,1103.524 550.870,1103.145 542.257,1102.011 533.775,1100.131 525.489,1097.518 517.463,1094.193 509.756,1090.182 502.429,1085.514 495.537,1080.225 489.131,1074.356 483.262,1067.950 477.973,1061.058 473.305,1053.731 469.294,1046.024 465.969,1037.998 463.356,1029.712 461.476,1021.230 460.342,1012.617 459.963,1003.937 459.963,1003.936 497.751,1003.936 497.751,1003.937 497.986,1009.323 498.690,1014.668 499.857,1019.932 501.478,1025.074 503.541,1030.054 506.030,1034.836 508.927,1039.383 512.209,1043.661 515.852,1047.635 519.826,1051.278 524.104,1054.560 528.650,1057.457 533.433,1059.946 538.413,1062.009 543.555,1063.630 548.819,1064.797 554.164,1065.501 559.550,1065.736 564.936,1065.501 570.281,1064.797 575.545,1063.630 580.687,1062.009 585.667,1059.946 590.449,1057.457 594.996,1054.560 599.274,1051.278 603.248,1047.635 606.891,1043.661 610.173,1039.383 613.070,1034.837 615.559,1030.054 617.622,1025.074 619.243,1019.932 620.410,1014.668 621.114,1009.323;
ADD P2 :W0.000000  621.349,958.457 659.137,958.457 659.137,1003.937 621.349,1003.937;
ADD P2 :W0.000000  621.349,958.457 621.349,932.401 659.137,932.401 659.137,958.457;
ADD P2 :W0.000000  659.137,1003.937 659.137,958.457 709.181,1008.501 663.701,1008.501 663.701,1003.937;
ADD P2 :W0.000000  663.701,1113.383 663.701,1008.501 709.181,1008.501 709.181,1113.383;
ADD P2 :W0.000000  713.745,1117.947 713.745,1163.427 663.701,1113.383 709.181,1113.383 709.181,1117.947;
ADD P2 :W0.000000  459.963,889.670 459.963,820.883 497.751,820.883 497.751,889.670;
ADD P2 :W0.000000  497.751,820.883 497.751,820.884 459.963,820.884 459.963,820.883 460.342,812.203 461.476,803.590 463.356,795.108 465.969,786.822 469.294,778.796 473.305,771.090 477.973,763.762 483.262,756.870 489.131,750.464 495.537,744.595 502.429,739.306 509.756,734.638 517.463,730.627 525.489,727.302 533.775,724.689 542.257,722.809 550.870,721.675 559.550,721.296 568.230,721.675 576.843,722.809 585.325,724.689 593.611,727.302 601.637,730.627 609.344,734.638 616.671,739.306 623.563,744.595 629.969,750.464 635.838,756.870 641.127,763.762 645.795,771.089 649.806,778.796 653.131,786.822 655.744,795.108 657.624,803.590 658.758,812.203 659.137,820.883 659.137,820.884 621.349,820.884 621.349,820.883 621.114,815.497 620.410,810.152 619.243,804.888 617.622,799.746 615.559,794.766 613.070,789.984 610.173,785.437 606.891,781.159 603.248,777.185 599.274,773.542 594.996,770.260 590.450,767.363 585.667,764.874 580.687,762.811 575.545,761.190 570.281,760.023 564.936,759.319 559.550,759.084 554.164,759.319 548.819,760.023 543.555,761.190 538.413,762.811 533.433,764.874 528.651,767.363 524.104,770.260 519.826,773.542 515.852,777.185 512.209,781.159 508.927,785.437 506.030,789.983 503.541,794.766 501.478,799.746 499.857,804.888 498.690,810.152 497.986,815.497;
ADD P2 :W0.000000  621.349,820.883 659.137,820.883 659.137,866.363 621.349,866.363;
ADD P2 :W0.000000  621.349,892.419 621.349,866.363 659.137,866.363 659.137,892.419;
ADD P2 :W0.000000  663.701,816.319 709.181,816.319 659.137,866.363 659.137,820.883 663.701,820.883;
ADD P2 :W0.000000  663.701,816.319 663.701,711.437 709.181,711.437 709.181,816.319;
ADD P2 :W0.000000  709.181,711.437 663.701,711.437 713.745,661.393 713.745,706.873 709.181,706.873;
ADD P2 :W0.000000  385.263,-859.183 385.263,-250.679 327.577,-250.679 327.577,-859.183;
ADD P2 :W0.000000  992.588,-1308.562 992.588,-1152.814 934.902,-1152.814 934.902,-1308.562;
ADD P2 :W0.000000  934.902,-475.158 934.902,-630.906 992.588,-630.906 992.588,-475.158;
ADD P2 :W0.000000  327.577,879.733 327.577,271.229 385.263,271.229 385.263,879.733;
ADD P2 :W0.000000  992.588,495.708 992.588,651.456 934.902,651.456 934.902,495.708;
ADD P2 :W0.000000  934.902,1329.112 934.902,1173.364 992.588,1173.364 992.588,1329.112;
ADD P2 :W0.000000  713.745,-1148.980 931.068,-1148.980 931.068,-1091.294 713.745,-1091.294;
ADD P2 :W0.000000  931.068,-634.740 713.745,-634.740 713.745,-692.426 931.068,-692.426;
ADD P2 :W0.000000  931.068,712.976 713.745,712.976 713.745,655.290 931.068,655.290;
ADD P2 :W0.000000  931.068,1169.530 713.745,1169.530 713.745,1111.844 931.068,1111.844;
SAVE;
