UNITS MIL,1000;
EDIT proj;
ADD P2 :W0.000000  -165.000,-15.417 -46.890,-15.417 -46.890,45.417 -165.000,45.417;
ADD P2 :W0.000000  -12.536,45.417 -46.890,45.417 -46.890,-15.418 -12.536,-15.418;
ADD P2 :W0.000000  -12.536,45.417 -12.536,110.574 -46.890,110.574 -46.890,45.417;
ADD P2 :W0.000000  -46.890,-15.418 -46.890,-80.575 -12.536,-80.575 -12.536,-15.418;
ADD P2 :W0.000000  -10.730,112.380 -10.730,146.734 -46.889,110.574 -12.536,110.574 -12.536,112.380;
ADD P2 :W0.000000  -12.536,-80.575 -46.890,-80.575 -10.730,-116.734 -10.730,-82.381 -12.536,-82.381;
ADD P2 :W0.000000  -10.730,112.380 54.427,112.380 54.427,146.734 -10.730,146.734;
ADD P2 :W0.000000  -10.730,-116.735 54.427,-116.735 54.427,-82.381 -10.730,-82.381;
ADD P2 :W0.000000  54.427,99.140 172.537,99.140 172.537,159.974 54.427,159.974;
ADD P2 :W0.000000  54.427,-129.975 172.537,-129.975 172.537,-69.141 54.427,-69.141;
SAVE;
