UNITS MIL,1000;
EDIT proj;
ADD P2 :W0.000000  363.274,840.550 301.258,840.550 366.980,774.828 366.980,836.843 363.274,836.843;
ADD P2 :W0.000000  716.090,1376.595 778.106,1376.595 712.384,1442.317 712.384,1380.302 716.090,1380.302;
ADD P2 :W0.000000  297.552,1134.051 297.552,1072.035 363.274,1137.757 301.259,1137.757 301.259,1134.051;
ADD P2 :W0.000000  -8.910,-114.466 53.106,-114.466 -12.616,-48.744 -12.616,-110.759 -8.910,-110.759;
ADD P2 :W0.000000  641.912,626.195 712.384,626.195 712.384,688.211 641.912,688.211;
ADD P2 :W0.000000  603.730,688.211 603.730,688.210 641.912,688.210 641.912,688.211 641.655,694.095 640.886,699.935 639.611,705.685 637.840,711.303 635.586,716.744 632.867,721.969 629.702,726.937 626.116,731.609 622.137,735.952 617.794,739.931 613.122,743.517 608.154,746.682 602.929,749.401 597.488,751.655 591.870,753.426 586.120,754.701 580.280,755.470 574.396,755.727 568.512,755.470 562.672,754.701 556.922,753.426 551.304,751.655 545.863,749.401 540.638,746.682 535.670,743.517 530.998,739.931 526.655,735.952 522.676,731.609 519.090,726.937 515.925,721.969 513.206,716.744 510.952,711.303 509.181,705.685 507.906,699.935 507.137,694.095 506.880,688.211 506.880,688.210 545.062,688.210 545.062,688.211 545.174,690.768 545.508,693.305 546.062,695.803 546.831,698.244 547.810,700.608 548.992,702.878 550.367,705.036 551.925,707.067 553.654,708.953 555.540,710.682 557.571,712.240 559.729,713.615 561.999,714.797 564.363,715.776 566.804,716.545 569.302,717.099 571.839,717.433 574.396,717.545 576.953,717.433 579.490,717.099 581.988,716.545 584.429,715.776 586.793,714.797 589.063,713.615 591.221,712.240 593.252,710.682 595.138,708.953 596.867,707.067 598.425,705.036 599.800,702.878 600.982,700.608 601.961,698.244 602.730,695.803 603.284,693.305 603.618,690.768;
ADD P2 :W0.000000  301.258,-851.697 363.274,-851.697 297.552,-785.975 297.552,-847.990 301.258,-847.990;
ADD P2 :W0.000000  506.880,1449.088 506.880,1380.301 545.062,1380.301 545.062,1449.088;
ADD P2 :W0.000000  545.062,1380.301 545.062,1380.302 506.880,1380.302 506.880,1380.301 507.137,1374.417 507.906,1368.577 509.181,1362.827 510.952,1357.209 513.206,1351.768 515.925,1346.543 519.090,1341.575 522.676,1336.903 526.655,1332.560 530.998,1328.581 535.670,1324.995 540.638,1321.830 545.863,1319.111 551.304,1316.857 556.922,1315.086 562.672,1313.811 568.512,1313.042 574.396,1312.785 580.280,1313.042 586.120,1313.811 591.870,1315.086 597.488,1316.857 602.929,1319.111 608.154,1321.830 613.122,1324.995 617.794,1328.581 622.137,1332.560 626.116,1336.903 629.702,1341.575 632.867,1346.543 635.586,1351.768 637.840,1357.209 639.611,1362.827 640.886,1368.577 641.655,1374.417 641.912,1380.301 641.912,1380.302 603.730,1380.302 603.730,1380.301 603.618,1377.744 603.284,1375.207 602.730,1372.709 601.961,1370.268 600.982,1367.904 599.800,1365.634 598.425,1363.476 596.867,1361.445 595.138,1359.559 593.252,1357.830 591.221,1356.272 589.063,1354.897 586.793,1353.715 584.429,1352.736 581.988,1351.967 579.490,1351.413 576.953,1351.079 574.396,1350.967 571.839,1351.079 569.302,1351.413 566.804,1351.967 564.363,1352.736 561.999,1353.715 559.729,1354.897 557.571,1356.272 555.540,1357.830 553.654,1359.559 551.925,1361.445 550.367,1363.476 548.992,1365.634 547.810,1367.904 546.831,1370.268 546.062,1372.709 545.508,1375.207 545.174,1377.744;
ADD P2 :W0.000000  603.730,1380.301 641.912,1380.301 641.912,1442.317 603.730,1442.317;
ADD P2 :W0.000000  641.912,1442.317 641.912,1460.374 603.730,1460.374 603.730,1442.317;
ADD P2 :W0.000000  366.980,-550.784 366.980,-488.768 301.258,-554.490 363.273,-554.490 363.273,-550.784;
ADD P2 :W0.000000  716.090,1376.595 716.090,1292.028 778.106,1292.028 778.106,1376.595;
ADD P2 :W0.000000  781.812,1671.870 781.812,1733.886 716.090,1668.164 778.105,1668.164 778.105,1671.870;
ADD P2 :W0.000000  224.134,-847.991 262.316,-847.991 262.316,-785.975 224.134,-785.975;
ADD P2 :W0.000000  262.316,934.461 297.552,934.461 297.552,996.477 262.316,996.477;
ADD P2 :W0.000000  165.466,-847.991 165.466,-847.990 127.284,-847.990 127.284,-847.991 127.541,-853.875 128.310,-859.715 129.585,-865.465 131.356,-871.083 133.610,-876.524 136.329,-881.749 139.494,-886.717 143.080,-891.389 147.059,-895.732 151.402,-899.711 156.074,-903.297 161.042,-906.462 166.267,-909.181 171.708,-911.435 177.326,-913.206 183.076,-914.481 188.916,-915.250 194.800,-915.507 200.684,-915.250 206.524,-914.481 212.274,-913.206 217.892,-911.435 223.333,-909.181 228.558,-906.462 233.526,-903.297 238.198,-899.711 242.541,-895.732 246.520,-891.389 250.106,-886.717 253.271,-881.749 255.990,-876.524 258.244,-871.083 260.015,-865.465 261.290,-859.715 262.059,-853.875 262.316,-847.991 262.316,-847.990 224.134,-847.990 224.134,-847.991 224.022,-850.548 223.688,-853.085 223.134,-855.583 222.365,-858.024 221.386,-860.388 220.204,-862.658 218.829,-864.816 217.271,-866.847 215.542,-868.733 213.656,-870.462 211.625,-872.020 209.467,-873.395 207.197,-874.577 204.833,-875.556 202.392,-876.325 199.894,-876.879 197.357,-877.213 194.800,-877.325 192.243,-877.213 189.706,-876.879 187.208,-876.325 184.767,-875.556 182.403,-874.577 180.133,-873.395 177.975,-872.020 175.944,-870.462 174.058,-868.733 172.329,-866.847 170.771,-864.816 169.396,-862.658 168.214,-860.388 167.235,-858.024 166.466,-855.583 165.912,-853.085 165.578,-850.548;
ADD P2 :W0.000000  224.134,1072.035 224.134,1053.978 262.316,1053.978 262.316,1072.035;
ADD P2 :W0.000000  224.134,-710.417 262.316,-710.417 262.316,-648.401 224.134,-648.401;
ADD P2 :W0.000000  56.812,-779.204 127.284,-779.204 127.284,-717.188 56.812,-717.188;
ADD P2 :W0.000000  224.134,-648.401 224.134,-648.402 262.316,-648.402 262.316,-648.401 262.059,-642.517 261.290,-636.677 260.015,-630.927 258.244,-625.309 255.990,-619.868 253.271,-614.643 250.106,-609.675 246.520,-605.003 242.541,-600.660 238.198,-596.681 233.526,-593.095 228.558,-589.930 223.333,-587.211 217.892,-584.957 212.274,-583.186 206.524,-581.911 200.684,-581.142 194.800,-580.885 188.916,-581.142 183.076,-581.911 177.326,-583.186 171.708,-584.957 166.267,-587.211 161.042,-589.930 156.074,-593.095 151.402,-596.681 147.059,-600.660 143.080,-605.003 139.494,-609.675 136.329,-614.643 133.610,-619.868 131.356,-625.309 129.585,-630.927 128.310,-636.677 127.541,-642.517 127.284,-648.401 127.284,-648.402 165.466,-648.402 165.466,-648.401 165.578,-645.844 165.912,-643.307 166.466,-640.809 167.235,-638.368 168.214,-636.004 169.396,-633.734 170.771,-631.576 172.329,-629.545 174.058,-627.659 175.944,-625.930 177.975,-624.372 180.133,-622.997 182.403,-621.815 184.767,-620.836 187.208,-620.067 189.706,-619.513 192.243,-619.179 194.800,-619.067 197.357,-619.179 199.894,-619.513 202.392,-620.067 204.833,-620.836 207.197,-621.815 209.467,-622.997 211.625,-624.372 213.656,-625.930 215.542,-627.659 217.271,-629.545 218.829,-631.576 220.204,-633.734 221.386,-636.004 222.365,-638.368 223.134,-640.809 223.688,-643.307 224.022,-645.844;
ADD P2 :W0.000000  165.466,-717.188 127.284,-717.188 127.284,-779.204 165.466,-779.204;
ADD P2 :W0.000000  301.258,930.755 301.258,840.550 363.274,840.550 363.274,930.755;
ADD P2 :W0.000000  366.980,1231.668 366.980,1293.684 301.258,1227.962 363.273,1227.962 363.273,1231.668;
ADD P2 :W0.000000  603.730,1517.875 641.912,1517.875 641.912,1579.891 603.730,1579.891;
ADD P2 :W0.000000  301.258,930.755 363.274,930.755 297.552,996.477 297.552,934.462 301.258,934.462;
ADD P2 :W0.000000  262.316,1072.035 297.552,1072.035 297.552,1134.051 262.316,1134.051;
ADD P2 :W0.000000  603.730,1517.875 603.730,1499.818 641.912,1499.818 641.912,1517.875;
ADD P2 :W0.000000  545.062,619.424 506.880,619.424 506.880,557.408 545.062,557.408;
ADD P2 :W0.000000  301.258,1227.962 301.258,1137.757 363.274,1137.757 363.274,1227.962;
ADD P2 :W0.000000  716.090,1668.164 716.090,1583.597 778.106,1583.597 778.106,1668.164;
ADD P2 :W0.000000  712.384,1579.891 712.384,1517.875 778.106,1583.597 716.091,1583.597 716.091,1579.891;
ADD P2 :W0.000000  436.408,557.408 506.880,557.408 506.880,619.424 436.408,619.424;
ADD P2 :W0.000000  506.880,688.211 506.880,619.424 545.062,619.424 545.062,688.211;
ADD P2 :W0.000000  262.316,996.477 262.316,1014.534 224.134,1014.534 224.134,996.477;
ADD P2 :W0.000000  506.880,1579.891 506.880,1511.104 545.062,1511.104 545.062,1579.891;
ADD P2 :W0.000000  603.730,1579.891 603.730,1579.890 641.912,1579.890 641.912,1579.891 641.655,1585.775 640.886,1591.615 639.611,1597.365 637.840,1602.983 635.586,1608.424 632.867,1613.649 629.702,1618.617 626.116,1623.289 622.137,1627.632 617.794,1631.611 613.122,1635.197 608.154,1638.362 602.929,1641.081 597.488,1643.335 591.870,1645.106 586.120,1646.381 580.280,1647.150 574.396,1647.407 568.512,1647.150 562.672,1646.381 556.922,1645.106 551.304,1643.335 545.863,1641.081 540.638,1638.362 535.670,1635.197 530.998,1631.611 526.655,1627.632 522.676,1623.289 519.090,1618.617 515.925,1613.649 513.206,1608.424 510.952,1602.983 509.181,1597.365 507.906,1591.615 507.137,1585.775 506.880,1579.891 506.880,1579.890 545.062,1579.890 545.062,1579.891 545.174,1582.448 545.508,1584.985 546.062,1587.483 546.831,1589.924 547.810,1592.288 548.992,1594.558 550.367,1596.716 551.925,1598.747 553.654,1600.633 555.540,1602.362 557.571,1603.920 559.729,1605.295 561.999,1606.477 564.363,1607.456 566.804,1608.225 569.302,1608.779 571.839,1609.113 574.396,1609.225 576.953,1609.113 579.490,1608.779 581.988,1608.225 584.429,1607.456 586.793,1606.477 589.063,1605.295 591.221,1603.920 593.252,1602.362 595.138,1600.633 596.867,1598.747 598.425,1596.716 599.800,1594.558 600.982,1592.288 601.961,1589.924 602.730,1587.483 603.284,1584.985 603.618,1582.448;
ADD P2 :W0.000000  -12.616,334.804 -12.616,396.820 -78.338,331.098 -16.323,331.098 -16.323,334.804;
ADD P2 :W0.000000  127.284,-648.401 127.284,-717.188 165.466,-717.188 165.466,-648.401;
ADD P2 :W0.000000  603.730,626.195 641.912,626.195 641.912,688.211 603.730,688.211;
ADD P2 :W0.000000  -155.462,43.235 -117.280,43.235 -117.280,105.251 -155.462,105.251;
ADD P2 :W0.000000  -117.280,105.251 -117.280,123.308 -155.462,123.308 -155.462,105.251;
ADD P2 :W0.000000  -214.130,43.235 -214.130,43.236 -252.312,43.236 -252.312,43.235 -252.055,37.351 -251.286,31.511 -250.011,25.761 -248.240,20.143 -245.986,14.702 -243.267,9.477 -240.102,4.509 -236.516,-0.163 -232.537,-4.506 -228.194,-8.485 -223.522,-12.071 -218.554,-15.236 -213.329,-17.955 -207.888,-20.209 -202.270,-21.980 -196.520,-23.255 -190.680,-24.024 -184.796,-24.281 -178.912,-24.024 -173.072,-23.255 -167.322,-21.980 -161.704,-20.209 -156.263,-17.955 -151.038,-15.236 -146.070,-12.071 -141.398,-8.485 -137.055,-4.506 -133.076,-0.163 -129.490,4.509 -126.325,9.477 -123.606,14.702 -121.352,20.143 -119.581,25.761 -118.306,31.511 -117.537,37.351 -117.280,43.235 -117.280,43.236 -155.462,43.236 -155.462,43.235 -155.574,40.678 -155.908,38.141 -156.462,35.643 -157.231,33.202 -158.210,30.838 -159.392,28.568 -160.767,26.410 -162.325,24.379 -164.054,22.493 -165.940,20.764 -167.971,19.206 -170.129,17.831 -172.399,16.649 -174.763,15.670 -177.204,14.901 -179.702,14.347 -182.239,14.013 -184.796,13.901 -187.353,14.013 -189.890,14.347 -192.388,14.901 -194.829,15.670 -197.193,16.649 -199.463,17.831 -201.621,19.206 -203.652,20.764 -205.538,22.493 -207.267,24.379 -208.825,26.410 -210.200,28.568 -211.382,30.838 -212.361,33.202 -213.130,35.643 -213.684,38.141 -214.018,40.678;
ADD P2 :W0.000000  -252.312,112.022 -252.312,43.235 -214.130,43.235 -214.130,112.022;
ADD P2 :W0.000000  -214.130,174.038 -252.312,174.038 -252.312,112.022 -214.130,112.022;
ADD P2 :W0.000000  -252.312,242.825 -252.312,174.038 -214.130,174.038 -214.130,242.825;
ADD P2 :W0.000000  -155.462,242.825 -155.462,242.824 -117.280,242.824 -117.280,242.825 -117.537,248.709 -118.306,254.549 -119.581,260.299 -121.352,265.917 -123.606,271.358 -126.325,276.583 -129.490,281.551 -133.076,286.223 -137.055,290.566 -141.398,294.545 -146.070,298.131 -151.038,301.296 -156.263,304.015 -161.704,306.269 -167.322,308.040 -173.072,309.315 -178.912,310.084 -184.796,310.341 -190.680,310.084 -196.520,309.315 -202.270,308.040 -207.888,306.269 -213.329,304.015 -218.554,301.296 -223.522,298.131 -228.194,294.545 -232.537,290.566 -236.516,286.223 -240.102,281.551 -243.267,276.583 -245.986,271.358 -248.240,265.917 -250.011,260.299 -251.286,254.549 -252.055,248.709 -252.312,242.825 -252.312,242.824 -214.130,242.824 -214.130,242.825 -214.018,245.382 -213.684,247.919 -213.130,250.417 -212.361,252.858 -211.382,255.222 -210.200,257.492 -208.825,259.650 -207.267,261.681 -205.538,263.567 -203.652,265.296 -201.621,266.854 -199.463,268.229 -197.193,269.411 -194.829,270.390 -192.388,271.159 -189.890,271.713 -187.353,272.047 -184.796,272.159 -182.239,272.047 -179.702,271.713 -177.204,271.159 -174.763,270.390 -172.399,269.411 -170.129,268.229 -167.971,266.854 -165.940,265.296 -164.054,263.567 -162.325,261.681 -160.767,259.650 -159.392,257.492 -158.210,255.222 -157.231,252.858 -156.462,250.417 -155.908,247.919 -155.574,245.382;
ADD P2 :W0.000000  -155.462,180.809 -117.280,180.809 -117.280,242.825 -155.462,242.825;
ADD P2 :W0.000000  -155.462,180.809 -155.462,162.752 -117.280,162.752 -117.280,180.809;
ADD P2 :W0.000000  603.730,626.195 603.730,608.138 641.912,608.138 641.912,626.195;
ADD P2 :W0.000000  262.316,-710.417 297.552,-710.417 297.552,-648.401 262.316,-648.401;
ADD P2 :W0.000000  -78.338,39.529 -16.322,39.529 -82.044,105.251 -82.044,43.236 -78.338,43.236;
ADD P2 :W0.000000  224.134,1072.035 262.316,1072.035 262.316,1134.051 224.134,1134.051;
ADD P2 :W0.000000  127.284,1134.051 127.284,1065.264 165.466,1065.264 165.466,1134.051;
ADD P2 :W0.000000  165.466,934.461 165.466,934.462 127.284,934.462 127.284,934.461 127.541,928.577 128.310,922.737 129.585,916.987 131.356,911.369 133.610,905.928 136.329,900.703 139.494,895.735 143.080,891.063 147.059,886.720 151.402,882.741 156.074,879.155 161.042,875.990 166.267,873.271 171.708,871.017 177.326,869.246 183.076,867.971 188.916,867.202 194.800,866.945 200.684,867.202 206.524,867.971 212.274,869.246 217.892,871.017 223.333,873.271 228.558,875.990 233.526,879.155 238.198,882.741 242.541,886.720 246.520,891.063 250.106,895.735 253.271,900.703 255.990,905.928 258.244,911.369 260.015,916.987 261.290,922.737 262.059,928.577 262.316,934.461 262.316,934.462 224.134,934.462 224.134,934.461 224.022,931.904 223.688,929.367 223.134,926.869 222.365,924.428 221.386,922.064 220.204,919.794 218.829,917.636 217.271,915.605 215.542,913.719 213.656,911.990 211.625,910.432 209.467,909.057 207.197,907.875 204.833,906.896 202.392,906.127 199.894,905.573 197.357,905.239 194.800,905.127 192.243,905.239 189.706,905.573 187.208,906.127 184.767,906.896 182.403,907.875 180.133,909.057 177.975,910.432 175.944,911.990 174.058,913.719 172.329,915.605 170.771,917.636 169.396,919.794 168.214,922.064 167.235,924.428 166.466,926.869 165.912,929.367 165.578,931.904;
ADD P2 :W0.000000  224.134,934.461 262.316,934.461 262.316,996.477 224.134,996.477;
ADD P2 :W0.000000  -82.044,242.825 -82.044,180.809 -16.322,246.531 -78.337,246.531 -78.337,242.825;
ADD P2 :W0.000000  262.316,-785.975 262.316,-767.918 224.134,-767.918 224.134,-785.975;
ADD P2 :W0.000000  -16.322,-45.038 -78.338,-45.038 -12.616,-110.760 -12.616,-48.745 -16.322,-48.745;
ADD P2 :W0.000000  -12.616,396.820 -12.616,334.804 53.106,400.526 -8.909,400.526 -8.909,396.820;
ADD P2 :W0.000000  262.316,-847.991 297.552,-847.991 297.552,-785.975 262.316,-785.975;
ADD P2 :W0.000000  370.686,771.122 432.702,771.122 366.980,836.844 366.980,774.829 370.686,774.829;
ADD P2 :W0.000000  53.106,-713.482 -8.910,-713.482 56.812,-779.204 56.812,-717.189 53.106,-717.189;
ADD P2 :W0.000000  224.134,-710.417 224.134,-728.474 262.316,-728.474 262.316,-710.417;
ADD P2 :W0.000000  301.258,-554.490 301.258,-644.695 363.274,-644.695 363.274,-554.490;
ADD P2 :W0.000000  301.258,-851.697 301.258,-941.902 363.274,-941.902 363.274,-851.697;
ADD P2 :W0.000000  370.686,771.122 370.686,623.130 432.702,623.130 432.702,771.122;
ADD P2 :W0.000000  53.106,-713.482 53.106,-114.466 -8.910,-114.466 -8.910,-713.482;
ADD P2 :W0.000000  127.284,-779.204 127.284,-847.991 165.466,-847.991 165.466,-779.204;
ADD P2 :W0.000000  778.106,1292.028 716.090,1292.028 781.812,1226.306 781.812,1288.321 778.106,1288.321;
ADD P2 :W0.000000  -78.338,39.529 -78.338,-45.038 -16.322,-45.038 -16.322,39.529;
ADD P2 :W0.000000  127.284,1003.248 127.284,934.461 165.466,934.461 165.466,1003.248;
ADD P2 :W0.000000  224.134,1134.051 224.134,1134.050 262.316,1134.050 262.316,1134.051 262.059,1139.935 261.290,1145.775 260.015,1151.525 258.244,1157.143 255.990,1162.584 253.271,1167.809 250.106,1172.777 246.520,1177.449 242.541,1181.792 238.198,1185.771 233.526,1189.357 228.558,1192.522 223.333,1195.241 217.892,1197.495 212.274,1199.266 206.524,1200.541 200.684,1201.310 194.800,1201.567 188.916,1201.310 183.076,1200.541 177.326,1199.266 171.708,1197.495 166.267,1195.241 161.042,1192.522 156.074,1189.357 151.402,1185.771 147.059,1181.792 143.080,1177.449 139.494,1172.777 136.329,1167.809 133.610,1162.584 131.356,1157.143 129.585,1151.525 128.310,1145.775 127.541,1139.935 127.284,1134.051 127.284,1134.050 165.466,1134.050 165.466,1134.051 165.578,1136.608 165.912,1139.145 166.466,1141.643 167.235,1144.084 168.214,1146.448 169.396,1148.718 170.771,1150.876 172.329,1152.907 174.058,1154.793 175.944,1156.522 177.975,1158.080 180.133,1159.455 182.403,1160.637 184.767,1161.616 187.208,1162.385 189.706,1162.939 192.243,1163.273 194.800,1163.385 197.357,1163.273 199.894,1162.939 202.392,1162.385 204.833,1161.616 207.197,1160.637 209.467,1159.455 211.625,1158.080 213.656,1156.522 215.542,1154.793 217.271,1152.907 218.829,1150.876 220.204,1148.718 221.386,1146.448 222.365,1144.084 223.134,1141.643 223.688,1139.145 224.022,1136.608;
ADD P2 :W0.000000  165.466,1065.264 127.284,1065.264 127.284,1003.248 165.466,1003.248;
ADD P2 :W0.000000  56.812,1003.248 127.284,1003.248 127.284,1065.264 56.812,1065.264;
ADD P2 :W0.000000  297.552,-648.401 297.552,-710.417 363.274,-644.695 301.259,-644.695 301.259,-648.401;
ADD P2 :W0.000000  366.980,1293.684 366.980,1231.668 432.702,1297.390 370.687,1297.390 370.687,1293.684;
ADD P2 :W0.000000  363.274,-941.902 301.258,-941.902 366.980,-1007.624 366.980,-945.609 363.274,-945.609;
ADD P2 :W0.000000  -117.280,43.235 -82.044,43.235 -82.044,105.251 -117.280,105.251;
ADD P2 :W0.000000  436.408,1449.088 436.408,1511.104 370.686,1445.382 432.701,1445.382 432.701,1449.088;
ADD P2 :W0.000000  641.912,1517.875 712.384,1517.875 712.384,1579.891 641.912,1579.891;
ADD P2 :W0.000000  -78.338,331.098 -78.338,246.531 -16.322,246.531 -16.322,331.098;
ADD P2 :W0.000000  56.812,1003.248 56.812,1065.264 -8.910,999.542 53.105,999.542 53.105,1003.248;
ADD P2 :W0.000000  -8.910,999.542 -8.910,400.526 53.106,400.526 53.106,999.542;
ADD P2 :W0.000000  370.686,1445.382 370.686,1297.390 432.702,1297.390 432.702,1445.382;
ADD P2 :W0.000000  432.702,623.130 370.686,623.130 436.408,557.408 436.408,619.423 432.702,619.423;
ADD P2 :W0.000000  -117.280,180.809 -82.044,180.809 -82.044,242.825 -117.280,242.825;
ADD P2 :W0.000000  641.912,1380.301 712.384,1380.301 712.384,1442.317 641.912,1442.317;
ADD P2 :W0.000000  545.062,1511.104 506.880,1511.104 506.880,1449.088 545.062,1449.088;
ADD P2 :W0.000000  -322.784,112.022 -252.312,112.022 -252.312,174.038 -322.784,174.038;
ADD P2 :W0.000000  641.912,-1293.831 712.384,-1293.831 712.384,-1231.815 641.912,-1231.815;
ADD P2 :W0.000000  712.384,688.211 712.384,626.195 778.106,691.917 716.091,691.917 716.091,688.211;
ADD P2 :W0.000000  716.090,776.484 716.090,691.917 778.106,691.917 778.106,776.484;
ADD P2 :W0.000000  781.812,780.190 781.812,842.206 716.090,776.484 778.105,776.484 778.105,780.190;
ADD P2 :W0.000000  506.880,557.408 506.880,488.621 545.062,488.621 545.062,557.408;
ADD P2 :W0.000000  545.062,488.621 545.062,488.622 506.880,488.622 506.880,488.621 507.137,482.737 507.906,476.897 509.181,471.147 510.952,465.529 513.206,460.088 515.925,454.863 519.090,449.895 522.676,445.223 526.655,440.880 530.998,436.901 535.670,433.315 540.638,430.150 545.863,427.431 551.304,425.177 556.922,423.406 562.672,422.131 568.512,421.362 574.396,421.105 580.280,421.362 586.120,422.131 591.870,423.406 597.488,425.177 602.929,427.431 608.154,430.150 613.122,433.315 617.794,436.901 622.137,440.880 626.116,445.223 629.702,449.895 632.867,454.863 635.586,460.088 637.840,465.529 639.611,471.147 640.886,476.897 641.655,482.737 641.912,488.621 641.912,488.622 603.730,488.622 603.730,488.621 603.618,486.064 603.284,483.527 602.730,481.029 601.961,478.588 600.982,476.224 599.800,473.954 598.425,471.796 596.867,469.765 595.138,467.879 593.252,466.150 591.221,464.592 589.063,463.217 586.793,462.035 584.429,461.056 581.988,460.287 579.490,459.733 576.953,459.399 574.396,459.287 571.839,459.399 569.302,459.733 566.804,460.287 564.363,461.056 561.999,462.035 559.729,463.217 557.571,464.592 555.540,466.150 553.654,467.879 551.925,469.765 550.367,471.796 548.992,473.954 547.810,476.224 546.831,478.588 546.062,481.029 545.508,483.527 545.174,486.064;
ADD P2 :W0.000000  603.730,488.621 641.912,488.621 641.912,550.637 603.730,550.637;
ADD P2 :W0.000000  641.912,-1156.257 712.384,-1156.257 712.384,-1094.241 641.912,-1094.241;
ADD P2 :W0.000000  716.090,484.915 778.106,484.915 712.384,550.637 712.384,488.622 716.090,488.622;
ADD P2 :W0.000000  716.090,484.915 716.090,400.348 778.106,400.348 778.106,484.915;
ADD P2 :W0.000000  778.106,400.348 716.090,400.348 781.812,334.626 781.812,396.641 778.106,396.641;
ADD P2 :W0.000000  641.912,550.637 641.912,568.694 603.730,568.694 603.730,550.637;
ADD P2 :W0.000000  366.980,-488.768 366.980,-550.784 432.702,-485.062 370.687,-485.062 370.687,-488.768;
ADD P2 :W0.000000  370.686,-337.070 370.686,-485.062 432.702,-485.062 432.702,-337.070;
ADD P2 :W0.000000  436.408,-333.364 436.408,-271.348 370.686,-337.070 432.701,-337.070 432.701,-333.364;
ADD P2 :W0.000000  436.408,1449.088 506.880,1449.088 506.880,1511.104 436.408,1511.104;
ADD P2 :W0.000000  545.062,-271.348 506.880,-271.348 506.880,-333.364 545.062,-333.364;
ADD P2 :W0.000000  506.880,-202.561 506.880,-271.348 545.062,-271.348 545.062,-202.561;
ADD P2 :W0.000000  603.730,-202.561 603.730,-202.562 641.912,-202.562 641.912,-202.561 641.655,-196.677 640.886,-190.837 639.611,-185.087 637.840,-179.469 635.586,-174.028 632.867,-168.803 629.702,-163.835 626.116,-159.163 622.137,-154.820 617.794,-150.841 613.122,-147.255 608.154,-144.090 602.929,-141.371 597.488,-139.117 591.870,-137.346 586.120,-136.071 580.280,-135.302 574.396,-135.045 568.512,-135.302 562.672,-136.071 556.922,-137.346 551.304,-139.117 545.863,-141.371 540.638,-144.090 535.670,-147.255 530.998,-150.841 526.655,-154.820 522.676,-159.163 519.090,-163.835 515.925,-168.803 513.206,-174.028 510.952,-179.469 509.181,-185.087 507.906,-190.837 507.137,-196.677 506.880,-202.561 506.880,-202.562 545.062,-202.562 545.062,-202.561 545.174,-200.004 545.508,-197.467 546.062,-194.969 546.831,-192.528 547.810,-190.164 548.992,-187.894 550.367,-185.736 551.925,-183.705 553.654,-181.819 555.540,-180.090 557.571,-178.532 559.729,-177.157 561.999,-175.975 564.363,-174.996 566.804,-174.227 569.302,-173.673 571.839,-173.339 574.396,-173.227 576.953,-173.339 579.490,-173.673 581.988,-174.227 584.429,-174.996 586.793,-175.975 589.063,-177.157 591.221,-178.532 593.252,-180.090 595.138,-181.819 596.867,-183.705 598.425,-185.736 599.800,-187.894 600.982,-190.164 601.961,-192.528 602.730,-194.969 603.284,-197.467 603.618,-200.004;
ADD P2 :W0.000000  603.730,-264.577 641.912,-264.577 641.912,-202.561 603.730,-202.561;
ADD P2 :W0.000000  603.730,-264.577 603.730,-282.634 641.912,-282.634 641.912,-264.577;
ADD P2 :W0.000000  436.408,-333.364 506.880,-333.364 506.880,-271.348 436.408,-271.348;
ADD P2 :W0.000000  712.384,-202.561 712.384,-264.577 778.106,-198.855 716.091,-198.855 716.091,-202.561;
ADD P2 :W0.000000  716.090,-114.288 716.090,-198.855 778.106,-198.855 778.106,-114.288;
ADD P2 :W0.000000  781.812,-110.582 781.812,-48.566 716.090,-114.288 778.105,-114.288 778.105,-110.582;
ADD P2 :W0.000000  506.880,-333.364 506.880,-402.151 545.062,-402.151 545.062,-333.364;
ADD P2 :W0.000000  545.062,-402.151 545.062,-402.150 506.880,-402.150 506.880,-402.151 507.137,-408.035 507.906,-413.875 509.181,-419.625 510.952,-425.243 513.206,-430.684 515.925,-435.909 519.090,-440.877 522.676,-445.549 526.655,-449.892 530.998,-453.871 535.670,-457.457 540.638,-460.622 545.863,-463.341 551.304,-465.595 556.922,-467.366 562.672,-468.641 568.512,-469.410 574.396,-469.667 580.280,-469.410 586.120,-468.641 591.870,-467.366 597.488,-465.595 602.929,-463.341 608.154,-460.622 613.122,-457.457 617.794,-453.871 622.137,-449.892 626.116,-445.549 629.702,-440.877 632.867,-435.909 635.586,-430.684 637.840,-425.243 639.611,-419.625 640.886,-413.875 641.655,-408.035 641.912,-402.151 641.912,-402.150 603.730,-402.150 603.730,-402.151 603.618,-404.708 603.284,-407.245 602.730,-409.743 601.961,-412.184 600.982,-414.548 599.800,-416.818 598.425,-418.976 596.867,-421.007 595.138,-422.893 593.252,-424.622 591.221,-426.180 589.063,-427.555 586.793,-428.737 584.429,-429.716 581.988,-430.485 579.490,-431.039 576.953,-431.373 574.396,-431.485 571.839,-431.373 569.302,-431.039 566.804,-430.485 564.363,-429.716 561.999,-428.737 559.729,-427.555 557.571,-426.180 555.540,-424.622 553.654,-422.893 551.925,-421.007 550.367,-418.976 548.992,-416.818 547.810,-414.548 546.831,-412.184 546.062,-409.743 545.508,-407.245 545.174,-404.708;
ADD P2 :W0.000000  603.730,-402.151 641.912,-402.151 641.912,-340.135 603.730,-340.135;
ADD P2 :W0.000000  641.912,-402.151 712.384,-402.151 712.384,-340.135 641.912,-340.135;
ADD P2 :W0.000000  716.090,-405.857 778.106,-405.857 712.384,-340.135 712.384,-402.150 716.090,-402.150;
ADD P2 :W0.000000  716.090,-405.857 716.090,-490.424 778.106,-490.424 778.106,-405.857;
ADD P2 :W0.000000  778.106,-490.424 716.090,-490.424 781.812,-556.146 781.812,-494.131 778.106,-494.131;
ADD P2 :W0.000000  641.912,-340.135 641.912,-322.078 603.730,-322.078 603.730,-340.135;
ADD P2 :W0.000000  370.686,-1011.330 432.702,-1011.330 366.980,-945.608 366.980,-1007.623 370.686,-1007.623;
ADD P2 :W0.000000  370.686,-1011.330 370.686,-1159.322 432.702,-1159.322 432.702,-1011.330;
ADD P2 :W0.000000  432.702,-1159.322 370.686,-1159.322 436.408,-1225.044 436.408,-1163.029 432.702,-1163.029;
ADD P2 :W0.000000  641.912,488.621 712.384,488.621 712.384,550.637 641.912,550.637;
ADD P2 :W0.000000  545.062,-1163.028 506.880,-1163.028 506.880,-1225.044 545.062,-1225.044;
ADD P2 :W0.000000  506.880,-1094.241 506.880,-1163.028 545.062,-1163.028 545.062,-1094.241;
ADD P2 :W0.000000  603.730,-1094.241 603.730,-1094.242 641.912,-1094.242 641.912,-1094.241 641.655,-1088.357 640.886,-1082.517 639.611,-1076.767 637.840,-1071.149 635.586,-1065.708 632.867,-1060.483 629.702,-1055.515 626.116,-1050.843 622.137,-1046.500 617.794,-1042.521 613.122,-1038.935 608.154,-1035.770 602.929,-1033.051 597.488,-1030.797 591.870,-1029.026 586.120,-1027.751 580.280,-1026.982 574.396,-1026.725 568.512,-1026.982 562.672,-1027.751 556.922,-1029.026 551.304,-1030.797 545.863,-1033.051 540.638,-1035.770 535.670,-1038.935 530.998,-1042.521 526.655,-1046.500 522.676,-1050.843 519.090,-1055.515 515.925,-1060.483 513.206,-1065.708 510.952,-1071.149 509.181,-1076.767 507.906,-1082.517 507.137,-1088.357 506.880,-1094.241 506.880,-1094.242 545.062,-1094.242 545.062,-1094.241 545.174,-1091.684 545.508,-1089.147 546.062,-1086.649 546.831,-1084.208 547.810,-1081.844 548.992,-1079.574 550.367,-1077.416 551.925,-1075.385 553.654,-1073.499 555.540,-1071.770 557.571,-1070.212 559.729,-1068.837 561.999,-1067.655 564.363,-1066.676 566.804,-1065.907 569.302,-1065.353 571.839,-1065.019 574.396,-1064.907 576.953,-1065.019 579.490,-1065.353 581.988,-1065.907 584.429,-1066.676 586.793,-1067.655 589.063,-1068.837 591.221,-1070.212 593.252,-1071.770 595.138,-1073.499 596.867,-1075.385 598.425,-1077.416 599.800,-1079.574 600.982,-1081.844 601.961,-1084.208 602.730,-1086.649 603.284,-1089.147 603.618,-1091.684;
ADD P2 :W0.000000  603.730,-1156.257 641.912,-1156.257 641.912,-1094.241 603.730,-1094.241;
ADD P2 :W0.000000  603.730,-1156.257 603.730,-1174.314 641.912,-1174.314 641.912,-1156.257;
ADD P2 :W0.000000  436.408,-1225.044 506.880,-1225.044 506.880,-1163.028 436.408,-1163.028;
ADD P2 :W0.000000  712.384,-1094.241 712.384,-1156.257 778.106,-1090.535 716.091,-1090.535 716.091,-1094.241;
ADD P2 :W0.000000  716.090,-1005.968 716.090,-1090.535 778.106,-1090.535 778.106,-1005.968;
ADD P2 :W0.000000  781.812,-1002.262 781.812,-940.246 716.090,-1005.968 778.105,-1005.968 778.105,-1002.262;
ADD P2 :W0.000000  506.880,-1225.044 506.880,-1293.831 545.062,-1293.831 545.062,-1225.044;
ADD P2 :W0.000000  545.062,-1293.831 545.062,-1293.830 506.880,-1293.830 506.880,-1293.831 507.137,-1299.715 507.906,-1305.555 509.181,-1311.305 510.952,-1316.923 513.206,-1322.364 515.925,-1327.589 519.090,-1332.557 522.676,-1337.229 526.655,-1341.572 530.998,-1345.551 535.670,-1349.137 540.638,-1352.302 545.863,-1355.021 551.304,-1357.275 556.922,-1359.046 562.672,-1360.321 568.512,-1361.090 574.396,-1361.347 580.280,-1361.090 586.120,-1360.321 591.870,-1359.046 597.488,-1357.275 602.929,-1355.021 608.154,-1352.302 613.122,-1349.137 617.794,-1345.551 622.137,-1341.572 626.116,-1337.229 629.702,-1332.557 632.867,-1327.589 635.586,-1322.364 637.840,-1316.923 639.611,-1311.305 640.886,-1305.555 641.655,-1299.715 641.912,-1293.831 641.912,-1293.830 603.730,-1293.830 603.730,-1293.831 603.618,-1296.388 603.284,-1298.925 602.730,-1301.423 601.961,-1303.864 600.982,-1306.228 599.800,-1308.498 598.425,-1310.656 596.867,-1312.687 595.138,-1314.573 593.252,-1316.302 591.221,-1317.860 589.063,-1319.235 586.793,-1320.417 584.429,-1321.396 581.988,-1322.165 579.490,-1322.719 576.953,-1323.053 574.396,-1323.165 571.839,-1323.053 569.302,-1322.719 566.804,-1322.165 564.363,-1321.396 561.999,-1320.417 559.729,-1319.235 557.571,-1317.860 555.540,-1316.302 553.654,-1314.573 551.925,-1312.687 550.367,-1310.656 548.992,-1308.498 547.810,-1306.228 546.831,-1303.864 546.062,-1301.423 545.508,-1298.925 545.174,-1296.388;
ADD P2 :W0.000000  603.730,-1293.831 641.912,-1293.831 641.912,-1231.815 603.730,-1231.815;
ADD P2 :W0.000000  641.912,-264.577 712.384,-264.577 712.384,-202.561 641.912,-202.561;
ADD P2 :W0.000000  716.090,-1297.537 778.106,-1297.537 712.384,-1231.815 712.384,-1293.830 716.090,-1293.830;
ADD P2 :W0.000000  716.090,-1297.537 716.090,-1382.104 778.106,-1382.104 778.106,-1297.537;
ADD P2 :W0.000000  778.106,-1382.104 716.090,-1382.104 781.812,-1447.826 781.812,-1385.811 778.106,-1385.811;
ADD P2 :W0.000000  641.912,-1231.815 641.912,-1213.758 603.730,-1213.758 603.730,-1231.815;
SAVE;
