UNITS MIL,1000;
EDIT proj;
ADD P2 :W0.000000  -270.723,-36.026 -199.857,-36.026 -199.857,9.454 -270.723,9.454;
ADD P2 :W0.000000  -162.069,9.454 -199.857,9.454 -199.857,-36.026 -162.069,-36.026;
ADD P2 :W0.000000  -199.857,78.241 -199.857,9.454 -162.069,9.454 -162.069,78.241;
ADD P2 :W0.000000  -38.471,78.241 -38.471,78.240 -0.683,78.240 -0.683,78.241 -1.062,86.921 -2.196,95.534 -4.076,104.016 -6.689,112.302 -10.014,120.328 -14.025,128.034 -18.693,135.362 -23.982,142.254 -29.851,148.660 -36.257,154.529 -43.149,159.818 -50.476,164.486 -58.183,168.497 -66.209,171.822 -74.495,174.435 -82.977,176.315 -91.590,177.449 -100.270,177.828 -108.950,177.449 -117.563,176.315 -126.045,174.435 -134.331,171.822 -142.357,168.497 -150.064,164.486 -157.391,159.818 -164.283,154.529 -170.689,148.660 -176.558,142.254 -181.847,135.362 -186.515,128.035 -190.526,120.328 -193.851,112.302 -196.464,104.016 -198.344,95.534 -199.478,86.921 -199.857,78.241 -199.857,78.240 -162.069,78.240 -162.069,78.241 -161.834,83.627 -161.130,88.972 -159.963,94.236 -158.342,99.378 -156.279,104.358 -153.790,109.140 -150.893,113.687 -147.611,117.965 -143.968,121.939 -139.994,125.582 -135.716,128.864 -131.170,131.761 -126.387,134.250 -121.407,136.313 -116.265,137.934 -111.001,139.101 -105.656,139.805 -100.270,140.040 -94.884,139.805 -89.539,139.101 -84.275,137.934 -79.133,136.313 -74.153,134.250 -69.371,131.761 -64.824,128.864 -60.546,125.582 -56.572,121.939 -52.929,117.965 -49.647,113.687 -46.750,109.141 -44.261,104.358 -42.198,99.378 -40.577,94.236 -39.410,88.972 -38.706,83.627;
ADD P2 :W0.000000  -38.471,32.761 -0.683,32.761 -0.683,78.241 -38.471,78.241;
ADD P2 :W0.000000  -38.471,32.761 -38.471,6.705 -0.683,6.705 -0.683,32.761;
ADD P2 :W0.000000  -0.683,78.241 -0.683,32.761 46.744,80.188 1.264,80.188 1.264,78.241;
ADD P2 :W0.000000  1.264,185.070 1.264,80.188 46.744,80.188 46.744,185.070;
ADD P2 :W0.000000  48.691,187.017 48.691,232.497 1.264,185.070 46.744,185.070 46.744,187.017;
ADD P2 :W0.000000  -199.857,-36.026 -199.857,-104.813 -162.069,-104.813 -162.069,-36.026;
ADD P2 :W0.000000  -162.069,-104.813 -162.069,-104.812 -199.857,-104.812 -199.857,-104.813 -199.478,-113.493 -198.344,-122.106 -196.464,-130.588 -193.851,-138.874 -190.526,-146.900 -186.515,-154.606 -181.847,-161.934 -176.558,-168.826 -170.689,-175.232 -164.283,-181.101 -157.391,-186.390 -150.064,-191.058 -142.357,-195.069 -134.331,-198.394 -126.045,-201.007 -117.563,-202.887 -108.950,-204.021 -100.270,-204.400 -91.590,-204.021 -82.977,-202.887 -74.495,-201.007 -66.209,-198.394 -58.183,-195.069 -50.476,-191.058 -43.149,-186.390 -36.257,-181.101 -29.851,-175.232 -23.982,-168.826 -18.693,-161.934 -14.025,-154.607 -10.014,-146.900 -6.689,-138.874 -4.076,-130.588 -2.196,-122.106 -1.062,-113.493 -0.683,-104.813 -0.683,-104.812 -38.471,-104.812 -38.471,-104.813 -38.706,-110.199 -39.410,-115.544 -40.577,-120.808 -42.198,-125.950 -44.261,-130.930 -46.750,-135.712 -49.647,-140.259 -52.929,-144.537 -56.572,-148.511 -60.546,-152.154 -64.824,-155.436 -69.370,-158.333 -74.153,-160.822 -79.133,-162.885 -84.275,-164.506 -89.539,-165.673 -94.884,-166.377 -100.270,-166.612 -105.656,-166.377 -111.001,-165.673 -116.265,-164.506 -121.407,-162.885 -126.387,-160.822 -131.169,-158.333 -135.716,-155.436 -139.994,-152.154 -143.968,-148.511 -147.611,-144.537 -150.893,-140.259 -153.790,-135.713 -156.279,-130.930 -158.342,-125.950 -159.963,-120.808 -161.130,-115.544 -161.834,-110.199;
ADD P2 :W0.000000  -38.471,-104.813 -0.683,-104.813 -0.683,-59.333 -38.471,-59.333;
ADD P2 :W0.000000  -38.471,-33.277 -38.471,-59.333 -0.683,-59.333 -0.683,-33.277;
ADD P2 :W0.000000  1.264,-106.760 46.744,-106.760 -0.683,-59.333 -0.683,-104.813 1.264,-104.813;
ADD P2 :W0.000000  1.264,-106.760 1.264,-211.642 46.744,-211.642 46.744,-106.760;
ADD P2 :W0.000000  46.744,-211.642 1.264,-211.642 48.691,-259.069 48.691,-213.589 46.744,-213.589;
SAVE;
